E1: 1934373257 895095655 3334528137 3335676681 988558064 751472405 4037867088 3381596970 1417213475 379359706 2960193981 3003545683 945009969 639591765 3042464597 2670591506 583887286 2304918345 254365711 274153853 417902881 3060354616 647898865 2945189879 757113258 1479385436 1385606948 425375992 3254899328 1375180106 1062041053 3333346774 2280705706 2603246914 686270114 3139619892 711438414 1267005458 1962268936 4056457054 1978384889 1446706251 2240961501 3587587147 2221711898 4294117237 3334991085 369907346 3772256066 1229791015 3368206068 4106936811 1389780954 3358272661 3629629375 2046944588 3683892516 1166283046 2508779507 2155669420 1247141313 423516365 1083608198 785944563 234626074 3173122391 1086028084 630073191 1468601887 1095952193 2057300506 1656514456 943600858 1749563155 2665395015 3282059596 1527730397 791892274 2782576153 876086492 3913162455 2344256041 1241878535 2492974181 1717811530 175112797 2055844113 4142240794 2366993272 275127916 464163759 2622280120 668987848 3285765585 4279564271 1120784497 3126684744 803098886 3736656329 2398207379 

S1: 175112797 234626074 254365711 274153853 275127916 369907346 379359706 417902881 423516365 425375992 464163759 583887286 630073191 639591765 647898865 668987848 686270114 711438414 751472405 757113258 785944563 791892274 803098886 876086492 895095655 943600858 945009969 988558064 1062041053 1083608198 1086028084 1095952193 1120784497 1166283046 1229791015 1241878535 1247141313 1267005458 1375180106 1385606948 1389780954 1417213475 1446706251 1468601887 1479385436 1527730397 1656514456 1717811530 1749563155 1934373257 1962268936 1978384889 2046944588 2055844113 2057300506 2155669420 2221711898 2240961501 2280705706 2304918345 2344256041 2366993272 2398207379 2492974181 2508779507 2603246914 2622280120 2665395015 2670591506 2782576153 2945189879 2960193981 3003545683 3042464597 3060354616 3126684744 3139619892 3173122391 3254899328 3282059596 3285765585 3333346774 3334528137 3334991085 3335676681 3358272661 3368206068 3381596970 3587587147 3629629375 3683892516 3736656329 3772256066 3913162455 4037867088 4056457054 4106936811 4142240794 4279564271 4294117237 

E2: 2905834110 300486642 3995741071 2858289403 2663207988 3362382381 4271214985 841555671 59555244 296464704 2606606374 1123924569 1168106257 1637548922 1671723700 1576692629 4243023300 1563452225 1560055651 2431559543 846574702 188344071 4293927917 1714270232 499139837 3707539576 3076829853 2199626794 2035096469 1713052113 3886190566 3799099327 1522783915 3963731210 1016215012 2187109441 1958081423 2321620500 3930325609 681226521 1368248457 1127348310 136398247 1608715209 3345233928 678632693 1275661353 3895133765 4151250778 1199050311 1666456026 11023211 1284426981 175503291 860591104 72262628 1717855967 749465826 362129385 2054801509 3140458365 1277148132 2883128973 3512390822 2411063827 1155506700 1219004771 1153128670 3970542384 619300711 2298090632 460972559 1538280446 242663288 3274128449 1857934408 2047776625 2909812496 1865134785 48267076 4109034181 709004064 753208875 202219112 1029799011 2370793878 3953938881 3734829702 2014894021 2554520611 221037807 2172496624 3351099865 1888780588 509981068 4230980436 1865341611 2347681542 470291161 61062295 

S2: 11023211 48267076 59555244 61062295 72262628 136398247 175503291 188344071 202219112 221037807 242663288 296464704 300486642 362129385 460972559 470291161 499139837 509981068 619300711 678632693 681226521 709004064 749465826 753208875 841555671 846574702 860591104 1016215012 1029799011 1123924569 1127348310 1153128670 1155506700 1168106257 1199050311 1219004771 1275661353 1277148132 1284426981 1368248457 1522783915 1538280446 1560055651 1563452225 1576692629 1608715209 1637548922 1666456026 1671723700 1713052113 1714270232 1717855967 1857934408 1865134785 1865341611 1888780588 1958081423 2014894021 2035096469 2047776625 2054801509 2172496624 2187109441 2199626794 2298090632 2321620500 2347681542 2370793878 2411063827 2431559543 2554520611 2606606374 2663207988 2858289403 2883128973 2905834110 2909812496 3076829853 3140458365 3274128449 3345233928 3351099865 3362382381 3512390822 3707539576 3734829702 3799099327 3886190566 3895133765 3930325609 3953938881 3963731210 3970542384 3995741071 4109034181 4151250778 4230980436 4243023300 4271214985 4293927917 

E3: 3655894998 1611558777 901812687 4171750886 2805099592 1265880284 914310579 1057945661 580283509 1393604407 2794229758 4286418900 1561875660 1210829177 2882506870 602109709 816909312 4089855239 849617665 3589711269 3917382 3068425865 145101651 1145666167 3771359893 193092542 3564210611 1562147390 3203741964 3578805245 3697649015 478513304 2409514677 207900752 3429141673 203196616 1686284946 697668901 4286708197 578426296 1542132422 2559574755 3768309656 1743921530 2185094276 4154885160 1629273761 278022566 1922190515 2371827507 531837845 653963885 125382934 3870877510 1764602315 3648887380 1647682604 2250365274 969560867 2436548611 3214729287 2785173182 3306432609 132317098 4081941846 1237720909 2584478059 13302013 96458030 674530785 2593611454 1529711725 191652495 242128731 435925398 1694065279 2224961105 3869187992 1924434675 1423490807 2406839974 4180110820 1829700302 1032779775 1748292008 1018702503 480383289 1100808385 1244722337 2143685664 2084802278 3864564699 811151645 960459791 2089897354 1803984891 3854624677 2542667198 1194070073 120188726 

S3: 3917382 13302013 96458030 120188726 125382934 132317098 145101651 191652495 193092542 203196616 207900752 242128731 278022566 435925398 478513304 480383289 531837845 578426296 580283509 602109709 653963885 674530785 697668901 811151645 816909312 849617665 901812687 914310579 960459791 969560867 1018702503 1032779775 1057945661 1100808385 1145666167 1194070073 1210829177 1237720909 1244722337 1265880284 1393604407 1423490807 1529711725 1542132422 1561875660 1562147390 1611558777 1629273761 1647682604 1686284946 1694065279 1743921530 1748292008 1764602315 1803984891 1829700302 1922190515 1924434675 2084802278 2089897354 2143685664 2185094276 2224961105 2250365274 2371827507 2406839974 2409514677 2436548611 2542667198 2559574755 2584478059 2593611454 2785173182 2794229758 2805099592 2882506870 3068425865 3203741964 3214729287 3306432609 3429141673 3564210611 3578805245 3589711269 3648887380 3655894998 3697649015 3768309656 3771359893 3854624677 3864564699 3869187992 3870877510 4081941846 4089855239 4154885160 4171750886 4180110820 4286418900 4286708197 

